9.800000000000000000e+01 2.500000000000000000e+01
9.800000000000000000e+01 3.600000000000000000e+01
9.800000000000000000e+01 4.800000000000000000e+01
9.800000000000000000e+01 6.800000000000000000e+01
9.800000000000000000e+01 9.000000000000000000e+01
9.800000000000000000e+01 1.120000000000000000e+02
9.800000000000000000e+01 1.390000000000000000e+02
9.800000000000000000e+01 1.650000000000000000e+02
1.010000000000000000e+02 1.870000000000000000e+02
1.040000000000000000e+02 1.700000000000000000e+01
1.090000000000000000e+02 1.910000000000000000e+02
1.140000000000000000e+02 2.150000000000000000e+02
1.190000000000000000e+02 1.500000000000000000e+01
1.230000000000000000e+02 2.230000000000000000e+02
1.300000000000000000e+02 2.360000000000000000e+02
1.300000000000000000e+02 2.420000000000000000e+02
1.300000000000000000e+02 2.490000000000000000e+02
1.300000000000000000e+02 2.560000000000000000e+02
1.300000000000000000e+02 2.640000000000000000e+02
1.380000000000000000e+02 1.500000000000000000e+01
1.440000000000000000e+02 2.720000000000000000e+02
1.460000000000000000e+02 1.450000000000000000e+02
1.460000000000000000e+02 2.800000000000000000e+02
1.510000000000000000e+02 1.680000000000000000e+02
1.520000000000000000e+02 1.150000000000000000e+02
1.540000000000000000e+02 2.860000000000000000e+02
1.610000000000000000e+02 2.930000000000000000e+02
1.620000000000000000e+02 1.500000000000000000e+01
1.630000000000000000e+02 2.380000000000000000e+02
1.650000000000000000e+02 8.400000000000000000e+01
1.680000000000000000e+02 3.010000000000000000e+02
1.720000000000000000e+02 1.800000000000000000e+01
1.770000000000000000e+02 1.590000000000000000e+02
1.780000000000000000e+02 3.160000000000000000e+02
1.830000000000000000e+02 3.310000000000000000e+02
1.890000000000000000e+02 3.340000000000000000e+02
1.930000000000000000e+02 1.100000000000000000e+02
1.940000000000000000e+02 3.000000000000000000e+02
1.960000000000000000e+02 3.450000000000000000e+02
1.970000000000000000e+02 2.660000000000000000e+02
2.010000000000000000e+02 3.600000000000000000e+01
2.030000000000000000e+02 3.500000000000000000e+02
2.070000000000000000e+02 3.480000000000000000e+02
2.090000000000000000e+02 3.330000000000000000e+02
2.120000000000000000e+02 2.150000000000000000e+02
2.130000000000000000e+02 2.790000000000000000e+02
2.180000000000000000e+02 3.500000000000000000e+02
2.220000000000000000e+02 3.280000000000000000e+02
2.270000000000000000e+02 2.850000000000000000e+02
2.290000000000000000e+02 2.320000000000000000e+02
2.290000000000000000e+02 3.520000000000000000e+02
2.320000000000000000e+02 9.800000000000000000e+01
2.390000000000000000e+02 4.500000000000000000e+01
2.420000000000000000e+02 1.510000000000000000e+02
2.440000000000000000e+02 3.400000000000000000e+01
2.440000000000000000e+02 2.040000000000000000e+02
2.460000000000000000e+02 1.820000000000000000e+02
2.470000000000000000e+02 3.900000000000000000e+01
2.470000000000000000e+02 8.700000000000000000e+01
2.600000000000000000e+02 3.330000000000000000e+02
2.610000000000000000e+02 3.530000000000000000e+02
2.660000000000000000e+02 1.500000000000000000e+01
2.660000000000000000e+02 3.290000000000000000e+02
2.670000000000000000e+02 1.460000000000000000e+02
2.680000000000000000e+02 1.940000000000000000e+02
2.770000000000000000e+02 1.310000000000000000e+02
2.840000000000000000e+02 2.030000000000000000e+02
2.890000000000000000e+02 3.520000000000000000e+02
2.970000000000000000e+02 1.140000000000000000e+02
2.990000000000000000e+02 1.500000000000000000e+01
2.990000000000000000e+02 7.800000000000000000e+01
3.000000000000000000e+02 3.520000000000000000e+02
3.030000000000000000e+02 2.300000000000000000e+01
3.170000000000000000e+02 1.500000000000000000e+01
3.170000000000000000e+02 3.450000000000000000e+02
3.190000000000000000e+02 1.620000000000000000e+02
3.220000000000000000e+02 3.390000000000000000e+02
3.240000000000000000e+02 3.360000000000000000e+02
3.280000000000000000e+02 3.240000000000000000e+02
3.330000000000000000e+02 1.070000000000000000e+02
3.390000000000000000e+02 1.500000000000000000e+01
3.400000000000000000e+02 3.280000000000000000e+02
3.460000000000000000e+02 3.170000000000000000e+02
3.470000000000000000e+02 2.000000000000000000e+01
3.510000000000000000e+02 3.300000000000000000e+02
3.530000000000000000e+02 2.820000000000000000e+02
3.540000000000000000e+02 3.000000000000000000e+01
3.540000000000000000e+02 3.300000000000000000e+01
3.550000000000000000e+02 3.330000000000000000e+02
3.610000000000000000e+02 3.330000000000000000e+02
3.620000000000000000e+02 4.900000000000000000e+01
3.650000000000000000e+02 3.160000000000000000e+02
3.650000000000000000e+02 3.280000000000000000e+02
3.660000000000000000e+02 4.900000000000000000e+01
3.660000000000000000e+02 5.400000000000000000e+01
3.670000000000000000e+02 4.200000000000000000e+01
3.670000000000000000e+02 5.700000000000000000e+01
3.670000000000000000e+02 6.600000000000000000e+01
3.670000000000000000e+02 3.070000000000000000e+02
3.680000000000000000e+02 6.100000000000000000e+01
3.680000000000000000e+02 3.100000000000000000e+02
3.680000000000000000e+02 3.120000000000000000e+02
3.690000000000000000e+02 5.400000000000000000e+01
3.690000000000000000e+02 3.000000000000000000e+02
3.690000000000000000e+02 3.140000000000000000e+02
3.690000000000000000e+02 3.150000000000000000e+02
3.720000000000000000e+02 7.400000000000000000e+01
3.720000000000000000e+02 1.090000000000000000e+02
3.720000000000000000e+02 2.920000000000000000e+02
3.730000000000000000e+02 8.800000000000000000e+01
3.730000000000000000e+02 9.900000000000000000e+01
3.730000000000000000e+02 1.210000000000000000e+02
3.730000000000000000e+02 1.330000000000000000e+02
3.730000000000000000e+02 1.440000000000000000e+02
3.730000000000000000e+02 1.510000000000000000e+02
3.730000000000000000e+02 1.640000000000000000e+02
3.730000000000000000e+02 1.770000000000000000e+02
3.730000000000000000e+02 1.930000000000000000e+02
3.730000000000000000e+02 2.100000000000000000e+02
3.730000000000000000e+02 2.240000000000000000e+02
3.730000000000000000e+02 2.400000000000000000e+02
3.730000000000000000e+02 2.530000000000000000e+02
3.730000000000000000e+02 2.660000000000000000e+02
3.730000000000000000e+02 2.790000000000000000e+02
